%1 lin105 
Parallel = [
    105 6.000000 19.818700 15405.899414 14668.645508 14878.202148 0.979856 14379.000000;
    105 12.000000 16.628600 16273.687500 14581.949219 15206.386275 0.985886 14379.000000;
	105 24.000000 25.377800 16405.826172 14582.721680 15107.528023 0.985832 14379.000000;
	105 36.000000 41.669700 17791.162109 14507.006836 15145.971373 0.991098 14379.000000;
];

Serial =
[
    



];


