%1 lin105 
A = [105 6.000000 19.818700 15405.899414 14668.645508 14878.202148 0.979856 14379.000000
    



];


